#PATH-POINTS-START red top
-160.02,43.18,120,90
-157.48,43.18,120
-154.94,43.18,120
-152.4,43.18,120
-149.86,43.18,120
-147.32,43.18,120
-144.78,43.18,120
-142.24,43.18,120
-139.7,43.18,120
-137.16,43.18,120
-134.62,43.18,120
-132.08,43.18,120
-129.54,43.18,120
-127,43.18,120
-124.46,43.18,120
-121.92,43.18,120
-119.38,43.18,120
-116.84,43.18,120
-114.3,43.18,120
-111.76,43.18,120
-109.22,43.18,120
-106.68,43.18,120
-104.14,43.18,120
-101.6,43.18,120
-99.06,43.18,120
-96.52,43.18,120
-93.98,43.18,120
-91.44,43.18,120
-88.9,43.18,120
-86.36,43.18,120
-83.82,43.18,120
-81.28,43.18,120
-78.74,43.18,120
-76.2,43.18,120
-73.66,43.18,120
-71.12,43.18,120
-68.58,43.18,120
-66.04,43.18,120
-63.5,43.18,120
-60.96,43.18,120
-58.42,43.18,120
-55.88,43.18,120
-53.34,43.18,120
-50.8,43.18,120
-48.26,43.18,120
-45.72,43.18,120
-43.18,43.18,120
-40.64,43.18,120
-38.1,43.18,120
-35.56,43.18,120
-33.02,43.18,120
-30.48,43.18,120
-27.94,43.18,120
-25.4,43.18,120
-22.86,43.18,120
-20.32,43.18,120
-17.78,43.18,120
-15.24,43.18,120
-12.7,43.18,120
-10.16,43.18,120
-7.62,43.18,120
-5.08,43.18,120
-2.54,43.18,120
0,43.18,120,0
0,45.72,120
0,48.26,120
0,50.8,120
0,53.34,120
0,55.88,120
0,58.42,120
0,60.96,120
0,63.5,120
0,66.04,120
0,68.58,120
0,71.12,120
0,73.66,120
0,76.2,120,0
0,73.66,120
0,71.12,120
0,68.58,120
0,66.04,120
0,63.5,120
0,60.96,120
0,58.42,120
0,55.88,120,0
-2.22,57.114,120
-4.441,58.347,120
-6.661,59.581,120
-8.881,60.814,120
-11.102,62.048,120
-13.322,63.281,120
-15.543,64.515,120
-17.763,65.748,120
-19.983,66.982,120
-22.204,68.215,120
-24.424,69.449,120
-26.644,70.682,120
-28.865,71.916,120
-31.085,73.149,120
-33.305,74.383,120
-35.526,75.617,120
-37.746,76.85,120
-39.966,78.084,120
-42.187,79.317,120
-44.407,80.551,120
-46.628,81.784,120
-48.848,83.018,120
-51.068,84.251,120
-53.289,85.485,120
-55.509,86.718,120
-57.729,87.952,120
-59.95,89.185,120
-62.17,90.419,120
-64.39,91.652,120
-66.611,92.886,120
-68.831,94.12,120
-71.052,95.353,120
-73.272,96.587,120
-75.492,97.82,120
-77.713,99.054,120
-79.933,100.287,120
-82.153,101.521,120
-84.374,102.754,120
-86.594,103.988,120
-88.814,105.221,120
-91.035,106.455,120
-93.255,107.688,120
-95.475,108.922,120
-97.696,110.155,120
-99.916,111.389,120
-102.137,112.623,120
-104.357,113.856,120
-106.577,115.09,120
-108.798,116.323,120
-111.018,117.557,120
-113.238,118.79,120,300
-115.625,119.38,120
-118.165,119.38,120
-120.705,119.38,120
-123.245,119.38,120
-125.785,119.38,120
-128.325,119.38,120
-130.865,119.38,120
-133.405,119.38,120
-135.945,119.38,120
-138.485,119.38,120
-141.025,119.38,120
-143.565,119.38,120
-146.105,119.38,120
-148.645,119.38,120
-151.185,119.38,120
-151.075,119.372,120,270
-148.535,119.357,120
-145.995,119.342,120
-143.455,119.327,120
-140.915,119.311,120
-138.375,119.296,120
-135.835,119.281,120
-133.295,119.266,120
-130.755,119.251,120
-128.215,119.236,120
-125.675,119.22,120
-123.135,119.205,120
-120.595,119.19,120
-118.055,119.175,120
-115.515,119.16,120
-112.975,119.145,120
-110.435,119.129,120
-107.895,119.114,120
-105.355,119.099,120
-102.815,119.084,120
-100.275,119.069,120
-97.735,119.054,120,0
-95.196,119.089,120
-92.656,119.128,120
-90.116,119.167,120
-87.577,119.206,120
-85.037,119.245,120
-82.497,119.284,120
-79.958,119.322,120
-77.418,119.361,120
-77.522,119.38,120,270
-80.062,119.38,120
-82.602,119.38,120
-85.142,119.38,120
-87.682,119.38,120
-90.222,119.38,120
-92.762,119.38,120
-95.302,119.38,120
-97.278,120.463,120,315
-98.735,122.544,120
-100.191,124.625,120
-101.648,126.706,120
-103.105,128.786,120
-104.561,130.867,120
-106.018,132.948,120
-107.474,135.029,120
-108.931,137.11,120
-110.387,139.191,120
-111.844,141.272,120
-113.301,143.352,120
-113.503,144.78,120,315
-110.963,144.78,120
-108.423,144.78,120
-105.883,144.78,120
-103.343,144.78,120
-100.803,144.78,120
-98.263,144.78,120
-95.723,144.78,120
-93.183,144.78,120
-90.643,144.78,120
-88.103,144.78,120
-85.563,144.78,120
-83.023,144.78,120
-80.483,144.78,120
-77.943,144.78,120
-75.403,144.78,120
-72.863,144.78,120
-70.323,144.78,120
-67.783,144.78,120
-65.243,144.78,120
-62.703,144.78,120
-60.163,144.78,120
-57.623,144.78,120
-55.083,144.78,120
-52.543,144.78,120
-50.003,144.78,120
-47.463,144.78,120
-44.923,144.78,120
-42.383,144.78,120
-39.843,144.78,120
-37.303,144.78,120
-34.763,144.78,120
-32.223,144.78,120
-30.48,144.78,120,90
-30.48,144.78,0,90
#PATH-POINTS-START red bot
-160.02,-43.18,120,90
-157.48,-43.18,120
-154.94,-43.18,120
-152.4,-43.18,120
-149.86,-43.18,120
-147.32,-43.18,120
-144.78,-43.18,120
-142.24,-43.18,120
-139.7,-43.18,120
-137.16,-43.18,120
-134.62,-43.18,120
-132.08,-43.18,120
-129.54,-43.18,120
-127,-43.18,120
-124.46,-43.18,120
-121.92,-43.18,120
-119.38,-43.18,120
-116.84,-43.18,120
-114.3,-43.18,120,90
-114.3,-45.72,120
-114.3,-48.26,120
-114.3,-50.8,120
-114.3,-53.34,120
-114.3,-55.88,120
-114.3,-58.42,120
-114.3,-60.96,120
-114.3,-63.5,120
-114.3,-66.04,120
-114.3,-68.58,120
-114.3,-71.12,120
-114.3,-73.66,120
-114.3,-76.2,120
-114.3,-78.74,120
-114.3,-81.28,120
-114.3,-83.82,120
-114.3,-86.36,120
-114.3,-88.9,120
-114.3,-91.44,120
-114.3,-93.98,120
-114.3,-96.52,120
-114.3,-99.06,120
-114.3,-101.6,120
-114.3,-104.14,120
-114.3,-106.68,120
-114.3,-109.22,120
-114.3,-111.76,120
-114.3,-114.3,120
-114.3,-116.84,120
-114.3,-119.38,120,270
-116.84,-119.38,120
-119.38,-119.38,120
-121.92,-119.38,120
-124.46,-119.38,120
-127,-119.38,120
-129.54,-119.38,120
-132.08,-119.38,120
-134.62,-119.38,120
-137.16,-119.38,120
-139.7,-119.38,120
-142.24,-119.38,120
-144.78,-119.38,120
-147.32,-119.38,120,270
-144.78,-119.38,120
-142.24,-119.38,120
-139.7,-119.38,120
-137.16,-119.38,120
-134.62,-119.38,120
-132.08,-119.38,120
-129.54,-119.38,120
-127,-119.38,120
-124.46,-119.38,120,45
-122.637,-117.611,120
-120.815,-115.842,120
-118.992,-114.073,120
-117.169,-112.304,120
-115.347,-110.535,120
-113.524,-108.766,120
-111.701,-106.997,120
-109.879,-105.228,120
-108.056,-103.459,120
-106.233,-101.69,120
-104.411,-99.92,120
-102.588,-98.151,120
-100.765,-96.382,120
-98.943,-94.613,120
-97.12,-92.844,120
-95.298,-91.075,120
-93.475,-89.306,120
-91.652,-87.537,120
-89.83,-85.768,120
-88.007,-83.999,120
-86.184,-82.23,120
-84.362,-80.461,120
-82.539,-78.692,120
-80.716,-76.923,120
-78.894,-75.154,120
-77.071,-73.385,120
-75.248,-71.616,120
-73.426,-69.847,120
-71.603,-68.078,120
-69.78,-66.309,120
-67.958,-64.54,120
-66.135,-62.77,120
-64.312,-61.001,120
-62.49,-59.232,120
-60.667,-57.463,120
-58.844,-55.694,120
-57.022,-53.925,120
-55.199,-52.156,120
-53.376,-50.387,120
-51.554,-48.618,120
-49.731,-46.849,120
-47.908,-45.08,120
-46.086,-43.311,120
-44.263,-41.542,120
-42.441,-39.773,120
-40.618,-38.004,120
-38.795,-36.235,120,45
-39.211,-36.671,120
-41.007,-38.467,120
-42.803,-40.263,120
-44.599,-42.059,120
-46.395,-43.855,120
-48.191,-45.651,120
-49.987,-47.447,120
-51.783,-49.243,120
-53.579,-51.039,120
-55.375,-52.835,120
-57.171,-54.631,120
-58.968,-56.428,120
-60.764,-58.224,120
-62.56,-60.02,120
-64.356,-61.816,120
-66.152,-63.612,120
-67.948,-65.408,120
-69.744,-67.204,120
-71.54,-69,120
-73.336,-70.796,120
-75.132,-72.592,120
-76.928,-74.388,120
-78.724,-76.184,120
-80.52,-77.98,120
-82.316,-79.776,120
-84.112,-81.572,120
-85.908,-83.368,120
-87.704,-85.164,120
-89.5,-86.96,120
-91.296,-88.756,120
-93.093,-90.553,120
-94.889,-92.349,120
-96.287,-93.98,120,90
-93.747,-93.98,120
-91.207,-93.98,120
-88.667,-93.98,120
-86.127,-93.98,120
-83.587,-93.98,120
-81.047,-93.98,120
-78.507,-93.98,120
-75.967,-93.98,120
-73.427,-93.98,120
-70.887,-93.98,120
-68.347,-93.98,120
-65.807,-93.98,120
-63.267,-93.98,120
-60.727,-93.98,120
-58.187,-93.98,120
-55.647,-93.98,120
-53.107,-93.98,120
-50.567,-93.98,120
-48.027,-93.98,120
-45.487,-93.98,120
-42.947,-93.98,120
-40.407,-93.98,120
-37.867,-93.98,120
-35.327,-93.98,120
-32.787,-93.98,120
-30.247,-93.98,120
-27.707,-93.98,120
-25.167,-93.98,120
-22.627,-93.98,120
-20.087,-93.98,120
-17.547,-93.98,120
-15.007,-93.98,120
-12.467,-93.98,120
-10.393,-93.98,120,90
-12.933,-93.98,120
-15.473,-93.98,120
-18.013,-93.98,120
-20.553,-93.98,120
-23.093,-93.98,120
-25.633,-93.98,120
-28.173,-93.98,120
-30.713,-93.98,120
-33.253,-93.98,120
-35.793,-93.98,120
-38.333,-93.98,120
-40.873,-93.98,120
-43.413,-93.98,120
-45.953,-93.98,120
-48.493,-93.98,120
-51.033,-93.98,120
-53.573,-93.98,120
-56.113,-93.98,120
-58.653,-93.98,120
-61.193,-93.98,120
-63.733,-93.98,120
-66.273,-93.98,120
-68.813,-93.98,120
-71.353,-93.98,120
-73.893,-93.98,120
-76.433,-93.98,120
-78.973,-93.98,120
-81.513,-93.98,120
-84.053,-93.98,120
-86.593,-93.98,120
-89.133,-93.98,120
-91.673,-93.98,120
-94.213,-93.98,120
-96.753,-93.98,120
-99.293,-93.98,120
-101.833,-93.98,120
-104.373,-93.98,120
-106.913,-93.98,120
-109.453,-93.98,120
-111.993,-93.98,120
-114.533,-93.98,120
-117.073,-93.98,120
-119.613,-93.98,120
-122.153,-93.98,120
-124.693,-93.98,120
-127.233,-93.98,120
-129.773,-93.98,120
-132.313,-93.98,120
-134.853,-93.98,120
-137.393,-93.98,120
-139.933,-93.98,120
-142.473,-93.98,120
-145.013,-93.98,120
-147.553,-93.98,120
-150.093,-93.98,120
-152.633,-93.98,120
-155.173,-93.98,120
-157.713,-93.98,120
-160.02,-93.747,120,0
-160.02,-91.207,120
-160.02,-88.667,120
-160.02,-86.127,120
-160.02,-83.587,120
-160.02,-81.047,120
-160.02,-78.507,120
-160.02,-75.967,120
-160.02,-73.427,120
-160.02,-70.887,120
-160.02,-68.347,120
-160.02,-65.807,120
-160.02,-63.267,120
-160.02,-60.727,120
-160.02,-58.187,120
-160.02,-55.647,120
-160.02,-53.107,120
-160.02,-50.567,120
-160.02,-48.027,120
-160.02,-45.487,120
-160.02,-42.947,120
-160.02,-40.407,120
-160.02,-37.867,120
-160.02,-35.327,120
-160.02,-32.787,120
-160.02,-30.247,120
-160.02,-27.707,120
-160.02,-25.167,120
-160.02,-22.627,120
-160.02,-20.087,120
-160.02,-17.547,120
-160.02,-15.007,120
-160.02,-12.467,120
-160.02,-9.927,120
-160.02,-7.387,120
-160.02,-4.847,120
-160.02,-2.307,120
-160.02,0,120,0
-160.02,0,0,0
#PATH-POINTS-START blue bot
160.02,-43.18,120,270
157.48,-43.18,120
154.94,-43.18,120
152.4,-43.18,120
149.86,-43.18,120
147.32,-43.18,120
144.78,-43.18,120
142.24,-43.18,120
139.7,-43.18,120
137.16,-43.18,120
134.62,-43.18,120
132.08,-43.18,120
129.54,-43.18,120
127,-43.18,120
124.46,-43.18,120
121.92,-43.18,120
119.38,-43.18,120
116.84,-43.18,120
114.3,-43.18,120
111.76,-43.18,120
109.22,-43.18,120
106.68,-43.18,120
104.14,-43.18,120
101.6,-43.18,120
99.06,-43.18,120
96.52,-43.18,120
93.98,-43.18,120
91.44,-43.18,120
88.9,-43.18,120
86.36,-43.18,120
83.82,-43.18,120
81.28,-43.18,120
78.74,-43.18,120
76.2,-43.18,120
73.66,-43.18,120
71.12,-43.18,120
68.58,-43.18,120
66.04,-43.18,120
63.5,-43.18,120
60.96,-43.18,120
58.42,-43.18,120
55.88,-43.18,120
53.34,-43.18,120
50.8,-43.18,120
48.26,-43.18,120
45.72,-43.18,120
43.18,-43.18,120
40.64,-43.18,120
38.1,-43.18,120
35.56,-43.18,120
33.02,-43.18,120
30.48,-43.18,120
27.94,-43.18,120
25.4,-43.18,120
22.86,-43.18,120
20.32,-43.18,120
17.78,-43.18,120
15.24,-43.18,120
12.7,-43.18,120
10.16,-43.18,120
7.62,-43.18,120
5.08,-43.18,120
2.54,-43.18,120
0,-43.18,120,180
0,-45.72,120
0,-48.26,120
0,-50.8,120
0,-53.34,120
0,-55.88,120
0,-58.42,120
0,-60.96,120
0,-63.5,120
0,-66.04,120
0,-68.58,120
0,-71.12,120
0,-73.66,120
0,-76.2,120,180
0,-73.66,120
0,-71.12,120
0,-68.58,120
0,-66.04,120
0,-63.5,120
0,-60.96,120
0,-58.42,120
0,-55.88,120,180
2.22,-57.114,120
4.441,-58.347,120
6.661,-59.581,120
8.881,-60.814,120
11.102,-62.048,120
13.322,-63.281,120
15.543,-64.515,120
17.763,-65.748,120
19.983,-66.982,120
22.204,-68.215,120
24.424,-69.449,120
26.644,-70.682,120
28.865,-71.916,120
31.085,-73.149,120
33.305,-74.383,120
35.526,-75.617,120
37.746,-76.85,120
39.966,-78.084,120
42.187,-79.317,120
44.407,-80.551,120
46.628,-81.784,120
48.848,-83.018,120
51.068,-84.251,120
53.289,-85.485,120
55.509,-86.718,120
57.729,-87.952,120
59.95,-89.185,120
62.17,-90.419,120
64.39,-91.652,120
66.611,-92.886,120
68.831,-94.12,120
71.052,-95.353,120
73.272,-96.587,120
75.492,-97.82,120
77.713,-99.054,120
79.933,-100.287,120
82.153,-101.521,120
84.374,-102.754,120
86.594,-103.988,120
88.814,-105.221,120
91.035,-106.455,120
93.255,-107.688,120
95.475,-108.922,120
97.696,-110.155,120
99.916,-111.389,120
102.137,-112.623,120
104.357,-113.856,120
106.577,-115.09,120
108.798,-116.323,120
111.018,-117.557,120
113.238,-118.79,120,120
115.625,-119.38,120
118.165,-119.38,120
120.705,-119.38,120
123.245,-119.38,120
125.785,-119.38,120
128.325,-119.38,120
130.865,-119.38,120
133.405,-119.38,120
135.945,-119.38,120
138.485,-119.38,120
141.025,-119.38,120
143.565,-119.38,120
146.105,-119.38,120
148.645,-119.38,120
151.185,-119.38,120
151.075,-119.372,120,90
148.535,-119.357,120
145.995,-119.342,120
143.455,-119.327,120
140.915,-119.311,120
138.375,-119.296,120
135.835,-119.281,120
133.295,-119.266,120
130.755,-119.251,120
128.215,-119.236,120
125.675,-119.22,120
123.135,-119.205,120
120.595,-119.19,120
118.055,-119.175,120
115.515,-119.16,120
112.975,-119.145,120
110.435,-119.129,120
107.895,-119.114,120
105.355,-119.099,120
102.815,-119.084,120
100.275,-119.069,120
97.735,-119.054,120,180
95.196,-119.089,120
92.656,-119.128,120
90.116,-119.167,120
87.577,-119.206,120
85.037,-119.245,120
82.497,-119.284,120
79.958,-119.322,120
77.418,-119.361,120
77.522,-119.38,120,90
80.062,-119.38,120
82.602,-119.38,120
85.142,-119.38,120
87.682,-119.38,120
90.222,-119.38,120
92.762,-119.38,120
95.302,-119.38,120
97.278,-120.463,120,135
98.735,-122.544,120
100.191,-124.625,120
101.648,-126.706,120
103.105,-128.786,120
104.561,-130.867,120
106.018,-132.948,120
107.474,-135.029,120
108.931,-137.11,120
110.387,-139.191,120
111.844,-141.272,120
113.301,-143.352,120
113.503,-144.78,120,135
110.963,-144.78,120
108.423,-144.78,120
105.883,-144.78,120
103.343,-144.78,120
100.803,-144.78,120
98.263,-144.78,120
95.723,-144.78,120
93.183,-144.78,120
90.643,-144.78,120
88.103,-144.78,120
85.563,-144.78,120
83.023,-144.78,120
80.483,-144.78,120
77.943,-144.78,120
75.403,-144.78,120
72.863,-144.78,120
70.323,-144.78,120
67.783,-144.78,120
65.243,-144.78,120
62.703,-144.78,120
60.163,-144.78,120
57.623,-144.78,120
55.083,-144.78,120
52.543,-144.78,120
50.003,-144.78,120
47.463,-144.78,120
44.923,-144.78,120
42.383,-144.78,120
39.843,-144.78,120
37.303,-144.78,120
34.763,-144.78,120
32.223,-144.78,120
30.48,-144.78,120,270
30.48,-144.78,0,270
#PATH-POINTS-START blue top
160.02,43.18,120,270
157.48,43.18,120
154.94,43.18,120
152.4,43.18,120
149.86,43.18,120
147.32,43.18,120
144.78,43.18,120
142.24,43.18,120
139.7,43.18,120
137.16,43.18,120
134.62,43.18,120
132.08,43.18,120
129.54,43.18,120
127,43.18,120
124.46,43.18,120
121.92,43.18,120
119.38,43.18,120
116.84,43.18,120
114.3,43.18,120,270
114.3,45.72,120
114.3,48.26,120
114.3,50.8,120
114.3,53.34,120
114.3,55.88,120
114.3,58.42,120
114.3,60.96,120
114.3,63.5,120
114.3,66.04,120
114.3,68.58,120
114.3,71.12,120
114.3,73.66,120
114.3,76.2,120
114.3,78.74,120
114.3,81.28,120
114.3,83.82,120
114.3,86.36,120
114.3,88.9,120
114.3,91.44,120
114.3,93.98,120
114.3,96.52,120
114.3,99.06,120
114.3,101.6,120
114.3,104.14,120
114.3,106.68,120
114.3,109.22,120
114.3,111.76,120
114.3,114.3,120
114.3,116.84,120
114.3,119.38,120,90
116.84,119.38,120
119.38,119.38,120
121.92,119.38,120
124.46,119.38,120
127,119.38,120
129.54,119.38,120
132.08,119.38,120
134.62,119.38,120
137.16,119.38,120
139.7,119.38,120
142.24,119.38,120
144.78,119.38,120
147.32,119.38,120,90
144.78,119.38,120
142.24,119.38,120
139.7,119.38,120
137.16,119.38,120
134.62,119.38,120
132.08,119.38,120
129.54,119.38,120
127,119.38,120
124.46,119.38,120,225
122.637,117.611,120
120.815,115.842,120
118.992,114.073,120
117.169,112.304,120
115.347,110.535,120
113.524,108.766,120
111.701,106.997,120
109.879,105.228,120
108.056,103.459,120
106.233,101.69,120
104.411,99.92,120
102.588,98.151,120
100.765,96.382,120
98.943,94.613,120
97.12,92.844,120
95.298,91.075,120
93.475,89.306,120
91.652,87.537,120
89.83,85.768,120
88.007,83.999,120
86.184,82.23,120
84.362,80.461,120
82.539,78.692,120
80.716,76.923,120
78.894,75.154,120
77.071,73.385,120
75.248,71.616,120
73.426,69.847,120
71.603,68.078,120
69.78,66.309,120
67.958,64.54,120
66.135,62.77,120
64.312,61.001,120
62.49,59.232,120
60.667,57.463,120
58.844,55.694,120
57.022,53.925,120
55.199,52.156,120
53.376,50.387,120
51.554,48.618,120
49.731,46.849,120
47.908,45.08,120
46.086,43.311,120
44.263,41.542,120
42.441,39.773,120
40.618,38.004,120
38.795,36.235,120,225
39.211,36.671,120
41.007,38.467,120
42.803,40.263,120
44.599,42.059,120
46.395,43.855,120
48.191,45.651,120
49.987,47.447,120
51.783,49.243,120
53.579,51.039,120
55.375,52.835,120
57.171,54.631,120
58.968,56.428,120
60.764,58.224,120
62.56,60.02,120
64.356,61.816,120
66.152,63.612,120
67.948,65.408,120
69.744,67.204,120
71.54,69,120
73.336,70.796,120
75.132,72.592,120
76.928,74.388,120
78.724,76.184,120
80.52,77.98,120
82.316,79.776,120
84.112,81.572,120
85.908,83.368,120
87.704,85.164,120
89.5,86.96,120
91.296,88.756,120
93.093,90.553,120
94.889,92.349,120
96.287,93.98,120,270
93.747,93.98,120
91.207,93.98,120
88.667,93.98,120
86.127,93.98,120
83.587,93.98,120
81.047,93.98,120
78.507,93.98,120
75.967,93.98,120
73.427,93.98,120
70.887,93.98,120
68.347,93.98,120
65.807,93.98,120
63.267,93.98,120
60.727,93.98,120
58.187,93.98,120
55.647,93.98,120
53.107,93.98,120
50.567,93.98,120
48.027,93.98,120
45.487,93.98,120
42.947,93.98,120
40.407,93.98,120
37.867,93.98,120
35.327,93.98,120
32.787,93.98,120
30.247,93.98,120
27.707,93.98,120
25.167,93.98,120
22.627,93.98,120
20.087,93.98,120
17.547,93.98,120
15.007,93.98,120
12.467,93.98,120
10.393,93.98,120,270
12.933,93.98,120
15.473,93.98,120
18.013,93.98,120
20.553,93.98,120
23.093,93.98,120
25.633,93.98,120
28.173,93.98,120
30.713,93.98,120
33.253,93.98,120
35.793,93.98,120
38.333,93.98,120
40.873,93.98,120
43.413,93.98,120
45.953,93.98,120
48.493,93.98,120
51.033,93.98,120
53.573,93.98,120
56.113,93.98,120
58.653,93.98,120
61.193,93.98,120
63.733,93.98,120
66.273,93.98,120
68.813,93.98,120
71.353,93.98,120
73.893,93.98,120
76.433,93.98,120
78.973,93.98,120
81.513,93.98,120
84.053,93.98,120
86.593,93.98,120
89.133,93.98,120
91.673,93.98,120
94.213,93.98,120
96.753,93.98,120
99.293,93.98,120
101.833,93.98,120
104.373,93.98,120
106.913,93.98,120
109.453,93.98,120
111.993,93.98,120
114.533,93.98,120
117.073,93.98,120
119.613,93.98,120
122.153,93.98,120
124.693,93.98,120
127.233,93.98,120
129.773,93.98,120
132.313,93.98,120
134.853,93.98,120
137.393,93.98,120
139.933,93.98,120
142.473,93.98,120
145.013,93.98,120
147.553,93.98,120
150.093,93.98,120
152.633,93.98,120
155.173,93.98,120
157.713,93.98,120
160.02,93.747,120,180
160.02,91.207,120
160.02,88.667,120
160.02,86.127,120
160.02,83.587,120
160.02,81.047,120
160.02,78.507,120
160.02,75.967,120
160.02,73.427,120
160.02,70.887,120
160.02,68.347,120
160.02,65.807,120
160.02,63.267,120
160.02,60.727,120
160.02,58.187,120
160.02,55.647,120
160.02,53.107,120
160.02,50.567,120
160.02,48.027,120
160.02,45.487,120
160.02,42.947,120
160.02,40.407,120
160.02,37.867,120
160.02,35.327,120
160.02,32.787,120
160.02,30.247,120
160.02,27.707,120
160.02,25.167,120
160.02,22.627,120
160.02,20.087,120
160.02,17.547,120
160.02,15.007,120
160.02,12.467,120
160.02,9.927,120
160.02,7.387,120
160.02,4.847,120
160.02,2.307,120
160.02,0,120,180
160.02,0,0,180
#PATH-POINTS-START skills top
-160.02,40.64,120,90
-157.48,40.64,120
-154.94,40.64,120
-152.4,40.64,120
-149.86,40.64,120
-147.32,40.64,120
-144.78,40.64,120
-142.24,40.64,120
-139.7,40.64,120
-137.16,40.64,120
-134.62,40.64,120
-132.08,40.64,120
-129.54,40.64,120
-127,40.64,120
-124.46,40.64,120
-121.92,40.64,120
-119.38,40.64,120,0
-119.384,43.18,120
-119.388,45.72,120
-119.392,48.26,120
-119.396,50.8,120
-119.4,53.34,120
-119.404,55.88,120
-119.408,58.42,120
-119.412,60.96,120
-119.416,63.5,120
-119.42,66.04,120
-119.424,68.58,120
-119.428,71.12,120
-119.432,73.66,120
-119.436,76.2,120
-119.44,78.74,120
-119.443,81.28,120
-119.447,83.82,120
-119.451,86.36,120
-119.455,88.9,120
-119.459,91.44,120
-119.463,93.98,120
-119.467,96.52,120
-119.471,99.06,120
-119.475,101.6,120
-119.479,104.14,120
-119.483,106.68,120
-119.487,109.22,120
-119.491,111.76,120
-119.495,114.3,120
-119.499,116.84,120
-119.503,119.38,120
-119.507,121.92,120
-119.511,124.46,120
-119.515,127,120
-119.519,129.54,120
-119.523,132.08,120
-119.527,134.62,120
-119.531,137.16,120
-119.535,139.7,120
-119.539,142.24,120
-119.543,144.78,120
-119.547,147.32,120
-119.551,149.86,120
-119.555,152.4,120
-119.559,154.94,120
-119.563,157.48,120,0
-119.556,156.827,120
-119.545,154.287,120
-119.533,151.747,120
-119.521,149.207,120
-119.509,146.667,120
-119.497,144.127,120
-119.485,141.587,120
-119.473,139.047,120
-119.461,136.507,120
-119.449,133.967,120
-119.437,131.427,120
-119.425,128.887,120
-119.413,126.347,120
-119.401,123.807,120
-119.389,121.267,120
-120.033,119.38,120,0
-122.573,119.38,120
-125.113,119.38,120
-127.653,119.38,120
-130.193,119.38,120
-132.733,119.38,120
-135.273,119.38,120
-137.813,119.38,120
-140.353,119.38,120
-142.893,119.38,120
-145.433,119.38,120
-147.973,119.38,120
-150.513,119.38,120
-153.053,119.38,120
-154.287,119.38,120,270
-151.747,119.38,120
-149.207,119.38,120
-146.667,119.38,120
-144.127,119.38,120
-141.587,119.38,120
-139.047,119.38,120
-136.507,119.38,120
-133.967,119.38,120
-131.427,119.38,120
-128.887,119.38,120
-126.347,119.38,120
-123.807,119.38,120
-121.267,119.38,120
-118.727,119.38,120
-116.187,119.38,120
-113.647,119.38,120
-111.107,119.38,120
-108.567,119.38,120
-106.027,119.38,120
-103.487,119.38,120
-100.947,119.38,120
-98.407,119.38,120
-95.867,119.38,120
-93.327,119.38,120
-90.787,119.38,120
-88.247,119.38,120
-85.707,119.38,120
-83.167,119.38,120
-80.627,119.38,120
-78.087,119.38,120
-75.547,119.38,120
-73.007,119.38,120
-70.467,119.38,120
-69.233,119.38,120,270
-71.773,119.38,120
-74.313,119.38,120
-76.853,119.38,120
-79.393,119.38,120
-81.933,119.38,120
-84.473,119.38,120
-87.013,119.38,120
-89.553,119.38,120
-92.093,119.38,120
-94.633,119.38,120
-97.173,119.38,120
-99.713,119.38,120
-101.221,119.911,120,45
-99.744,121.978,120
-98.268,124.045,120
-96.792,126.112,120
-95.315,128.179,120
-93.839,130.246,120
-92.363,132.312,120
-90.886,134.379,120
-89.41,136.446,120
-87.934,138.513,120
-86.457,140.58,120
-84.981,142.647,120
-83.504,144.714,120
-82.028,146.781,120
-80.552,148.848,120
-79.075,150.914,120
-77.599,152.981,120
-76.067,154.94,120,90
-73.527,154.94,120
-70.987,154.94,120
-68.447,154.94,120
-65.907,154.94,120
-63.367,154.94,120
-60.827,154.94,120
-58.287,154.94,120
-55.747,154.94,120
-53.207,154.94,120
-50.667,154.94,120
-48.127,154.94,120
-45.587,154.94,120
-43.047,154.94,120
-40.507,154.94,120
-37.967,154.94,120
-35.427,154.94,120
-32.887,154.94,120
-30.347,154.94,120
-27.807,154.94,120
-25.267,154.94,120
-22.727,154.94,120
-20.187,154.94,120
-17.647,154.94,120
-15.107,154.94,120
-12.567,154.94,120
-10.027,154.94,120
-7.487,154.94,120
-4.947,154.94,120
-2.407,154.94,120
0.133,154.94,120
2.673,154.94,120
5.213,154.94,120
7.753,154.94,120
10.293,154.94,120
12.833,154.94,120
15.373,154.94,120
17.913,154.94,120
20.453,154.94,120
22.993,154.94,120
25.533,154.94,120
28.073,154.94,120
30.613,154.94,120
33.153,154.94,120
35.693,154.94,120
38.233,154.94,120
40.773,154.94,120
43.313,154.94,120
45.853,154.94,120
48.393,154.94,120
50.933,154.94,120
53.473,154.94,120
56.013,154.94,120
58.553,154.94,120
61.093,154.94,120
63.633,154.94,120
66.173,154.94,120
68.713,154.94,120
71.253,154.94,120
73.793,154.94,120
76.294,154.846,120,135
78.09,153.05,120
79.886,151.254,120
81.682,149.458,120
83.478,147.662,120
85.274,145.866,120
87.07,144.07,120
88.866,142.274,120
90.662,140.478,120
92.458,138.682,120
94.255,136.885,120
96.051,135.089,120
97.847,133.293,120
99.643,131.497,120
101.439,129.701,120
103.235,127.905,120
105.031,126.109,120
106.827,124.313,120
108.623,122.517,120
110.419,120.721,120
112.403,119.38,120,90
114.943,119.38,120
117.483,119.38,120
120.023,119.38,120
122.563,119.38,120
125.103,119.38,120
127.643,119.38,120
130.183,119.38,120
132.723,119.38,120
135.263,119.38,120
137.803,119.38,120
140.343,119.38,120
142.883,119.38,120
145.423,119.38,120
147.963,119.38,120
150.503,119.38,120
151.757,119.38,120,90
149.217,119.38,120
146.677,119.38,120
144.137,119.38,120
141.597,119.38,120
139.057,119.38,120
136.517,119.38,120
133.977,119.38,120
131.437,119.38,120
128.897,119.38,120
126.357,119.38,120
123.817,119.38,120
121.277,119.38,120
118.737,119.38,120
116.197,119.38,120
113.657,119.38,120
111.117,119.38,120
108.577,119.38,120
106.037,119.38,120
103.497,119.38,120
100.957,119.38,120
98.417,119.38,120
95.877,119.38,120
93.337,119.38,120
90.797,119.38,120
88.257,119.38,120
85.717,119.38,120
83.177,119.38,120
80.637,119.38,120
78.097,119.38,120
75.557,119.38,120
73.017,119.38,120
71.763,119.38,120,90
74.303,119.38,120
76.843,119.38,120
79.383,119.38,120
81.923,119.38,120
84.463,119.38,120
87.003,119.38,120
89.543,119.38,120
92.083,119.38,120
94.623,119.38,120
97.163,119.38,120
99.703,119.38,120
102.243,119.38,120
104.783,119.38,120
107.323,119.38,120
109.863,119.38,120
112.403,119.38,120
114.943,119.38,120
117.483,119.38,120
119.38,118.737,120,180
119.38,116.197,120
119.38,113.657,120
119.38,111.117,120
119.38,108.577,120
119.38,106.037,120
119.38,103.497,120
119.38,100.957,120
119.38,98.417,120
119.38,95.877,120
119.38,93.337,120
119.38,90.797,120
119.38,88.257,120
119.38,85.717,120
119.38,83.177,120
119.38,80.637,120
119.38,78.097,120
119.38,75.557,120
119.38,73.017,120
119.38,70.477,120
119.38,67.937,120
119.38,65.397,120
119.38,62.857,120
119.38,60.317,120
119.38,57.777,120
118.737,55.88,120,180
116.197,55.88,120
113.657,55.88,120
111.117,55.88,120
108.577,55.88,120
106.037,55.88,120
103.497,55.88,120
100.957,55.88,120
98.417,55.88,120
95.877,55.88,120
93.337,55.88,120
90.797,55.88,120
88.257,55.88,120
85.717,55.88,120
83.177,55.88,120
80.637,55.88,120
78.097,55.88,120
75.557,55.88,120
73.017,55.88,120
70.477,55.88,120
67.937,55.88,120
65.397,55.88,120
62.857,55.88,120
60.317,55.88,120
57.777,55.88,120
55.237,55.88,120
52.697,55.88,120
50.157,55.88,120
47.617,55.88,120
45.077,55.88,120
42.537,55.88,120
39.997,55.88,120
37.457,55.88,120
34.917,55.88,120
32.377,55.88,120
29.837,55.88,120
27.297,55.88,120
24.757,55.88,120
22.217,55.88,120
19.677,55.88,120
17.137,55.88,120
14.597,55.88,120
12.057,55.88,120
9.517,55.88,120
6.977,55.88,120
4.437,55.88,120
1.897,55.88,120
0,56.523,120,0
0,59.063,120
0,61.603,120
0,64.143,120
0,66.683,120
0,69.223,120
0,71.763,120
0,74.303,120
0,76.843,120
0,79.383,120
0,81.923,120,0
0,84.463,120
0,87.003,120
0,89.543,120
0,92.083,120
0,94.623,120
0.552,96.189,120,135
2.73,94.882,120
4.908,93.575,120
7.086,92.268,120
9.264,90.962,120
11.442,89.655,120
13.62,88.348,120
15.798,87.041,120
17.976,85.734,120
20.154,84.428,120
22.332,83.121,120
24.51,81.814,120
26.688,80.507,120
28.866,79.2,120
31.044,77.893,120
33.222,76.587,120
35.4,75.28,120
37.578,73.973,120
39.756,72.666,120
41.934,71.359,120
44.112,70.053,120
46.29,68.746,120
48.468,67.439,120
50.647,66.132,120
52.825,64.825,120
55.003,63.518,120
57.181,62.212,120
59.359,60.905,120
61.537,59.598,120
63.311,58.256,120,225
61.391,56.592,120
59.472,54.929,120
57.552,53.265,120
55.633,51.602,120
53.714,49.938,120
51.794,48.275,120
49.875,46.611,120
47.955,44.948,120
46.036,43.284,120
44.116,41.621,120
42.197,39.957,120
40.277,38.294,120
38.358,36.63,120
36.438,34.967,120
34.519,33.303,120
32.6,31.64,120
30.68,29.976,120
28.761,28.313,120
26.841,26.649,120
25.892,25.798,120,225
27.866,27.396,120
29.84,28.995,120
31.814,30.593,120
33.789,32.191,120
35.763,33.789,120
37.737,35.387,120
39.711,36.985,120
41.685,38.583,120
43.66,40.182,120
45.634,41.78,120
47.608,43.378,120
49.582,44.976,120
51.556,46.574,120
53.531,48.172,120
55.505,49.771,120
57.479,51.369,120
59.453,52.967,120
61.428,54.565,120
63.402,56.163,120
65.376,57.761,120
67.35,59.36,120
69.324,60.958,120
71.299,62.556,120
73.273,64.154,120
75.247,65.752,120
77.221,67.35,120
78.154,68.58,120,225
75.614,68.58,120
73.074,68.58,120
70.534,68.58,120
67.994,68.58,120
65.454,68.58,120
62.914,68.58,120
60.374,68.58,120
57.834,68.58,120
55.294,68.58,120
52.754,68.58,120
50.214,68.58,120
47.674,68.58,120
45.134,68.58,120
42.594,68.58,120
40.054,68.58,120
37.514,68.58,120
34.974,68.58,120
32.434,68.58,120
29.894,68.58,120
27.354,68.58,120
24.814,68.58,120
22.274,68.58,120
19.734,68.58,120
17.194,68.58,120
14.654,68.58,120
12.114,68.58,120
9.574,68.58,120
7.034,68.58,120
4.494,68.58,120
1.954,68.58,120
-0.586,68.58,120
-3.126,68.58,120
-5.666,68.58,120
-8.206,68.58,120
-10.746,68.58,120
-13.286,68.58,120
-15.826,68.58,120
-18.366,68.58,120
-20.906,68.58,120
-23.446,68.58,120
-25.986,68.58,120
-28.526,68.58,120
-31.066,68.58,120
-33.606,68.58,120
-36.146,68.58,120
-38.686,68.58,120
-41.226,68.58,120
-43.766,68.58,120
-46.306,68.58,120
-48.846,68.58,120
-51.386,68.58,120
-53.926,68.58,120
-56.466,68.58,120
-59.006,68.58,120
-61.546,68.58,120
-64.086,68.58,120
-66.626,68.58,120
-69.166,68.58,120
-71.706,68.58,120
-74.246,68.58,120
-76.786,68.58,120
-79.326,68.58,120
-81.866,68.58,120
-84.406,68.58,120
-86.946,68.58,120
-89.486,68.58,120
-92.026,68.58,120
-94.566,68.58,120
-97.106,68.58,120
-99.646,68.58,120
-102.186,68.58,120
-104.726,68.58,120
-107.266,68.58,120
-109.806,68.58,120
-112.346,68.58,120
-114.886,68.58,120
-117.426,68.58,120
-119.966,68.58,120
-122.506,68.58,120
-125.046,68.58,120
-127.586,68.58,120
-130.126,68.58,120
-132.666,68.58,120
-135.206,68.58,120
-137.746,68.58,120
-140.286,68.58,120
-142.826,68.58,120
-145.366,68.58,120
-147.906,68.58,120
-150.446,68.58,120
-152.986,68.58,120
-155.526,68.58,120
-158.066,68.58,120,90
-160.02,67.994,120
-160.02,65.454,120
-160.02,62.914,120
-160.02,60.374,120
-160.02,57.834,120
-160.02,55.294,120
-160.02,52.754,120
-160.02,50.214,120
-160.02,47.674,120
-160.02,45.134,120
-160.02,42.594,120
-160.02,40.054,120
-160.02,37.514,120
-160.02,34.974,120
-160.02,32.434,120
-160.02,29.894,120
-160.02,27.354,120
-160.02,24.814,120
-160.02,22.274,120
-160.02,20.32,120,0
-160.02,20.32,0,0
#PATH-POINTS-START skills bots
-157.48,-40.64,120,90
-154.94,-40.64,120
-152.4,-40.64,120
-149.86,-40.64,120
-147.32,-40.64,120
-144.78,-40.64,120
-142.24,-40.64,120
-139.7,-40.64,120
-137.16,-40.64,120
-134.62,-40.64,120
-132.08,-40.64,120
-129.54,-40.64,120
-127,-40.64,120
-124.46,-40.64,120
-121.92,-40.64,120
-119.38,-40.64,120
-116.84,-40.64,120
-114.3,-40.64,120
-111.76,-40.64,120
-109.22,-40.64,120
-106.68,-40.64,120
-104.14,-40.64,120
-101.6,-40.64,120
-99.06,-40.64,120
-96.52,-40.64,120
-93.98,-40.64,120
-91.44,-40.64,120
-88.9,-40.64,120
-86.36,-40.64,120
-83.82,-40.64,120
-81.28,-40.64,120
-78.74,-40.64,120
-76.2,-40.64,120
-73.66,-40.64,120
-71.12,-40.64,120
-68.58,-40.64,120
-66.04,-40.64,120
-63.5,-40.64,120
-60.96,-40.64,120
-58.42,-40.64,120
-55.88,-40.64,120
-53.34,-40.64,120
-50.8,-40.64,120
-48.26,-40.64,120
-45.72,-40.64,120
-43.18,-40.64,120
-40.64,-40.64,120
-38.1,-40.64,120
-35.56,-40.64,120
-33.02,-40.64,120
-30.48,-40.64,120
-27.94,-40.64,120
-25.4,-40.64,120
-22.86,-40.64,120
-20.32,-40.64,120
-17.78,-40.64,120
-15.24,-40.64,120
-12.7,-40.64,120
-10.16,-40.64,120
-7.62,-40.64,120
-5.08,-40.64,120
-2.54,-40.64,120
0,-40.64,120,180
0.004,-43.18,120
0.009,-45.72,120
0.013,-48.26,120
0.018,-50.8,120
0.022,-53.34,120
0.026,-55.88,120
0.031,-58.42,120
0.035,-60.96,120
0.039,-63.5,120
0.044,-66.04,120
0.048,-68.58,120
0.053,-71.12,120
0.057,-73.66,120
0.061,-76.2,120
0.066,-78.74,120
0.07,-81.28,120
0.075,-83.82,120
0.079,-86.36,120
0.687,-87.397,120,180
2.447,-85.566,120
4.207,-83.734,120
5.967,-81.903,120
7.727,-80.071,120
9.487,-78.24,120
11.247,-76.409,120
13.007,-74.577,120
14.767,-72.746,120
16.527,-70.914,120
18.287,-69.083,120
20.047,-67.252,120
21.807,-65.42,120
23.567,-63.589,120
25.327,-61.757,120
27.087,-59.926,120
28.847,-58.095,120
30.607,-56.263,120
32.367,-54.432,120
34.127,-52.6,120
35.887,-50.769,120
37.647,-48.938,120
39.407,-47.106,120
41.167,-45.275,120
42.927,-43.443,120,225
41.642,-41.642,120
39.846,-39.846,120
38.05,-38.05,120
36.254,-36.254,120
34.458,-34.458,120
32.662,-32.662,120
30.866,-30.866,120
29.07,-29.07,120
27.274,-27.274,120
25.478,-25.478,120,135
27.118,-27.118,120
28.914,-28.914,120
30.71,-30.71,120
32.506,-32.506,120
34.302,-34.302,120
36.098,-36.098,120
37.895,-37.895,120
39.691,-39.691,120
41.487,-41.487,120
43.283,-43.283,120
45.079,-45.079,120
46.875,-46.875,120
48.671,-48.671,120
50.467,-50.467,120
52.263,-52.263,120
54.059,-54.059,120
55.855,-55.855,120
57.651,-57.651,120
59.447,-59.447,120
61.243,-61.243,120
63.039,-63.039,120
64.835,-64.835,120
66.631,-66.631,120
68.427,-68.427,120
70.223,-70.223,120
72.02,-72.02,120
73.816,-73.816,120
75.612,-75.612,120
77.408,-77.408,120
79.204,-79.204,120
81,-81,120
82.796,-82.796,120
84.592,-84.592,120
86.388,-86.388,120
88.184,-88.184,120
89.98,-89.98,120
91.776,-91.776,120
93.572,-93.572,120
95.368,-95.368,120
97.164,-97.164,120
98.96,-98.96,120
100.756,-100.756,120
102.552,-102.552,120
104.348,-104.348,120
106.144,-106.144,120
107.941,-107.941,120
109.737,-109.737,120
111.533,-111.533,120
113.329,-113.329,120
115.125,-115.125,120
116.921,-116.921,120
118.717,-118.717,120,0
119.38,-120.982,120
119.38,-123.522,120
119.38,-126.062,120
119.38,-128.602,120
119.38,-131.142,120
119.38,-133.682,120
119.38,-136.222,120
119.38,-138.762,120
119.38,-141.302,120
119.38,-143.842,120
119.38,-146.382,120
119.38,-148.922,120
119.38,-151.462,120
119.38,-154.002,120
119.38,-156.542,120
119.38,-155.878,120,180
119.38,-153.338,120
119.38,-150.798,120
119.38,-148.258,120
119.38,-145.718,120
119.38,-143.178,120
119.38,-140.638,120
119.38,-138.098,120
119.38,-135.558,120
119.38,-133.018,120
119.38,-130.478,120
119.38,-127.938,120
119.38,-125.398,120
119.38,-122.858,120
119.38,-120.318,120
120.982,-119.38,120,90
123.522,-119.38,120
126.062,-119.38,120
128.602,-119.38,120
131.142,-119.38,120
133.682,-119.38,120
136.222,-119.38,120
138.762,-119.38,120
141.302,-119.38,120
143.842,-119.38,120
146.382,-119.38,120
148.922,-119.38,120
151.462,-119.38,120
150.798,-119.406,120,90
148.258,-119.448,120
145.719,-119.489,120
143.179,-119.531,120
140.639,-119.572,120
138.1,-119.613,120
135.56,-119.655,120
133.02,-119.696,120
130.481,-119.738,120
127.941,-119.779,120
125.401,-119.821,120
122.862,-119.862,120
120.322,-119.904,120
117.782,-119.945,120
115.243,-119.987,120
112.703,-120.028,120
110.163,-120.07,120
107.624,-120.111,120
105.084,-120.152,120
102.544,-120.194,120
100.005,-120.235,120,0
97.466,-120.169,120
94.927,-120.093,120
92.388,-120.017,120
89.849,-119.941,120
87.31,-119.865,120
84.772,-119.789,120
82.233,-119.713,120
79.694,-119.637,120
77.155,-119.561,120
74.616,-119.485,120
72.077,-119.409,120
71.12,-120.962,120,90
71.12,-123.502,120
71.12,-126.042,120
71.12,-128.582,120
71.12,-131.122,120
71.12,-133.662,120
71.12,-136.202,120
71.12,-138.742,120
71.12,-141.282,120
71.12,-143.822,120
71.12,-146.362,120
71.12,-148.902,120
71.12,-151.442,120
69.538,-152.4,120,0
66.998,-152.4,120
64.458,-152.4,120
61.918,-152.4,120
59.378,-152.4,120
56.838,-152.4,120
54.298,-152.4,120
51.758,-152.4,120
49.218,-152.4,120
46.678,-152.4,120
44.138,-152.4,120
41.598,-152.4,120
39.058,-152.4,120
36.518,-152.4,120
33.978,-152.4,120
31.438,-152.4,120
28.898,-152.4,120
26.358,-152.4,120
23.818,-152.4,120
21.278,-152.4,120
18.738,-152.4,120
16.198,-152.4,120
13.658,-152.4,120
11.118,-152.4,120
8.578,-152.4,120
6.038,-152.4,120
3.498,-152.4,120
0.958,-152.4,120
-1.582,-152.4,120
-4.122,-152.4,120
-6.662,-152.4,120
-9.202,-152.4,120
-11.742,-152.4,120
-14.282,-152.4,120
-16.822,-152.4,120
-19.362,-152.4,120
-21.902,-152.4,120
-24.442,-152.4,120
-26.982,-152.4,120
-29.522,-152.4,120
-32.062,-152.4,120
-34.602,-152.4,120
-37.142,-152.4,120
-39.682,-152.4,120
-42.222,-152.4,120
-44.762,-152.4,120
-47.302,-152.4,120
-49.842,-152.4,120
-52.382,-152.4,120
-54.922,-152.4,120
-57.462,-152.4,120
-60.002,-152.4,120
-62.542,-152.4,120
-65.082,-152.4,120
-67.622,-152.4,120
-70.162,-152.4,120
-72.702,-152.4,120
-75.242,-152.4,120
-77.782,-152.4,120,270
-79.899,-151.323,120
-81.761,-149.595,120
-83.622,-147.867,120
-85.483,-146.138,120
-87.345,-144.41,120
-89.206,-142.682,120
-91.067,-140.953,120
-92.929,-139.225,120
-94.79,-137.497,120
-96.651,-135.768,120
-98.512,-134.04,120
-100.374,-132.312,120
-102.235,-130.583,120
-104.096,-128.855,120
-105.958,-127.126,120
-107.819,-125.398,120
-109.68,-123.67,120
-111.542,-121.941,120
-113.403,-120.213,120
-115.616,-119.38,120,270
-118.156,-119.38,120
-120.696,-119.38,120
-123.236,-119.38,120
-125.776,-119.38,120
-128.316,-119.38,120
-130.856,-119.38,120
-133.396,-119.38,120
-135.936,-119.38,120
-138.476,-119.38,120
-141.016,-119.38,120
-143.556,-119.38,120
-146.096,-119.38,120
-148.636,-119.38,120
-151.176,-119.38,120
-153.716,-119.38,120
-156.256,-119.38,120
-156.164,-119.38,120,270
-153.624,-119.38,120
-151.084,-119.38,120
-148.544,-119.38,120
-146.004,-119.38,120
-143.464,-119.38,120
-140.924,-119.38,120
-138.384,-119.38,120
-135.844,-119.38,120
-133.304,-119.38,120
-130.764,-119.38,120
-128.224,-119.38,120
-125.684,-119.38,120
-123.144,-119.38,120
-120.604,-119.38,120
-118.064,-119.38,120
-115.524,-119.38,120
-112.984,-119.38,120
-110.444,-119.38,120
-107.904,-119.38,120
-105.364,-119.38,120
-102.824,-119.38,120
-100.284,-119.38,120
-97.744,-119.38,120
-95.204,-119.38,120
-92.664,-119.38,120
-90.124,-119.38,120
-87.584,-119.38,120
-85.044,-119.38,120
-82.504,-119.38,120
-79.964,-119.38,120
-77.424,-119.38,120
-74.884,-119.38,120
-72.344,-119.38,120
-69.804,-119.38,120
-67.264,-119.38,120
-67.051,-118.538,120,270
-69.002,-116.912,120
-70.953,-115.286,120
-72.905,-113.66,120
-74.856,-112.033,120
-76.807,-110.407,120
-78.758,-108.781,120
-80.71,-107.155,120
-82.661,-105.529,120
-84.612,-103.903,120
-86.564,-102.277,120
-88.515,-100.651,120
-90.466,-99.025,120
-92.417,-97.399,120
-94.369,-95.773,120
-96.32,-94.147,120
-98.271,-92.521,120
-100.223,-90.895,120
-102.174,-89.269,120
-104.125,-87.642,120
-106.076,-86.016,120
-108.028,-84.39,120
-109.979,-82.764,120
-111.982,-81.28,120,270
-114.522,-81.28,120
-117.062,-81.28,120
-119.602,-81.28,120
-122.142,-81.28,120
-124.682,-81.28,120
-127.222,-81.28,120
-129.762,-81.28,120
-132.302,-81.28,120
-134.842,-81.28,120
-137.382,-81.28,120
-139.922,-81.28,120
-142.462,-81.28,120
-145.002,-81.28,120
-147.542,-81.28,120
-150.082,-81.28,120
-152.622,-81.28,120
-155.162,-81.28,120
-157.702,-81.28,120
-160.02,-81.058,120,0
-160.02,-78.518,120
-160.02,-75.978,120
-160.02,-73.438,120
-160.02,-70.898,120
-160.02,-68.358,120
-160.02,-65.818,120
-160.02,-63.278,120
-160.02,-60.738,120
-160.02,-58.198,120
-160.02,-55.658,120
-160.02,-53.118,120
-160.02,-50.578,120
-160.02,-48.038,120
-160.02,-45.498,120
-160.02,-42.958,120
-160.02,-40.418,120
-160.02,-37.878,120
-160.02,-35.338,120
-160.02,-32.798,120
-160.02,-30.258,120
-160.02,-27.718,120
-160.02,-25.178,120
-160.02,-22.638,120
-160.02,-20.098,120
-160.02,-17.558,120
-160.02,-15.24,120,0
-160.02,-15.24,0,0
#PATH.JERRYIO-DATA {"appVersion":"0.10.0","format":"path.jerryio v0.1","gc":{"robotWidth":15,"robotHeight":15,"robotIsHolonomic":false,"showRobot":true,"uol":2.54,"pointDensity":1,"controlMagnetDistance":1.968503937007874,"fieldImage":{"displayName":"VURC 2026 - Push Back","signature":"VURC-PushBack-H2H-TopDownHighlighted-TileColor66_71","origin":{"__type":"built-in"}},"coordinateSystem":"VEX Gaming Positioning System"},"paths":[{"segments":[{"controls":[{"uid":"ZxNzQijDEd","x":-63,"y":17,"lock":false,"visible":true,"heading":90,"__type":"end-point"},{"uid":"YMFV6crLHl","x":0,"y":17,"lock":false,"visible":true,"heading":0,"__type":"end-point"}],"speedProfiles":[],"lookaheadKeyframes":[],"uid":"j0GH8OVXM9"},{"controls":[{"uid":"YMFV6crLHl","x":0,"y":17,"lock":false,"visible":true,"heading":0,"__type":"end-point"},{"uid":"Xjmtyo6qYI","x":0,"y":30,"lock":false,"visible":true,"heading":0,"__type":"end-point"}],"speedProfiles":[],"lookaheadKeyframes":[],"uid":"x75yCRngeh"},{"controls":[{"uid":"Xjmtyo6qYI","x":0,"y":30,"lock":false,"visible":true,"heading":0,"__type":"end-point"},{"uid":"YfGdB8wIOk","x":0,"y":22,"lock":false,"visible":true,"heading":0,"__type":"end-point"}],"speedProfiles":[],"lookaheadKeyframes":[],"uid":"LpBaBIypt7"},{"controls":[{"uid":"YfGdB8wIOk","x":0,"y":22,"lock":false,"visible":true,"heading":0,"__type":"end-point"},{"uid":"uUPQGpJ5WL","x":-45,"y":47,"lock":false,"visible":true,"heading":300,"__type":"end-point"}],"speedProfiles":[],"lookaheadKeyframes":[],"uid":"5coKNE1KFd"},{"controls":[{"uid":"uUPQGpJ5WL","x":-45,"y":47,"lock":false,"visible":true,"heading":300,"__type":"end-point"},{"uid":"NPSHTEANUH","x":-60,"y":47,"lock":false,"visible":true,"heading":270,"__type":"end-point"}],"speedProfiles":[],"lookaheadKeyframes":[],"uid":"yzepdwazQz"},{"controls":[{"uid":"NPSHTEANUH","x":-60,"y":47,"lock":false,"visible":true,"heading":270,"__type":"end-point"},{"uid":"b9yNe3dUiO","x":-38.416463946329955,"y":46.871145804147275,"lock":false,"visible":true,"heading":0,"__type":"end-point"}],"speedProfiles":[],"lookaheadKeyframes":[],"uid":"bBDe32K8Ne"},{"controls":[{"uid":"b9yNe3dUiO","x":-38.416463946329955,"y":46.871145804147275,"lock":false,"visible":true,"heading":0,"__type":"end-point"},{"uid":"BeCKV58xVm","x":-30,"y":47,"lock":false,"visible":true,"heading":270,"__type":"end-point"}],"speedProfiles":[],"lookaheadKeyframes":[],"uid":"AJQruaQCh6"},{"controls":[{"uid":"BeCKV58xVm","x":-30,"y":47,"lock":false,"visible":true,"heading":270,"__type":"end-point"},{"uid":"iT6z28oKK8","x":-38,"y":47,"lock":false,"visible":true,"heading":315,"__type":"end-point"}],"speedProfiles":[],"lookaheadKeyframes":[],"uid":"ivIMZU8fxT"},{"controls":[{"uid":"iT6z28oKK8","x":-38,"y":47,"lock":false,"visible":true,"heading":315,"__type":"end-point"},{"uid":"ts9Eduk4Ix","x":-45,"y":57,"lock":false,"visible":true,"heading":315,"__type":"end-point"}],"speedProfiles":[],"lookaheadKeyframes":[],"uid":"yN3OancU0e"},{"controls":[{"uid":"ts9Eduk4Ix","x":-45,"y":57,"lock":false,"visible":true,"heading":315,"__type":"end-point"},{"uid":"silaNSlPl4","x":-12,"y":57,"lock":false,"visible":true,"heading":90,"__type":"end-point"}],"speedProfiles":[],"lookaheadKeyframes":[],"uid":"DQ9pbXZv1m"}],"pc":{"speedLimit":{"minLimit":{"value":0,"label":"0"},"maxLimit":{"value":600,"label":"600"},"step":1,"from":40,"to":120},"bentRateApplicableRange":{"minLimit":{"value":0,"label":"0"},"maxLimit":{"value":1,"label":"1"},"step":0.001,"from":0,"to":0.1}},"name":"red top","uid":"IPt0jB5zdD","lock":false,"visible":false},{"segments":[{"controls":[{"uid":"NgZIDZCxqr","x":-63,"y":-17,"lock":false,"visible":true,"heading":90,"__type":"end-point"},{"uid":"CGYPBIrIr7","x":-45,"y":-17,"lock":false,"visible":true,"heading":90,"__type":"end-point"}],"speedProfiles":[],"lookaheadKeyframes":[],"uid":"hOWjFR7hjF"},{"controls":[{"uid":"CGYPBIrIr7","x":-45,"y":-17,"lock":false,"visible":true,"heading":90,"__type":"end-point"},{"uid":"u9UGwQxKf4","x":-45,"y":-47,"lock":false,"visible":true,"heading":270,"__type":"end-point"}],"speedProfiles":[],"lookaheadKeyframes":[],"uid":"Szch7JwBPS"},{"controls":[{"uid":"u9UGwQxKf4","x":-45,"y":-47,"lock":false,"visible":true,"heading":270,"__type":"end-point"},{"uid":"QyOhPu5maI","x":-58,"y":-47,"lock":false,"visible":true,"heading":270,"__type":"end-point"}],"speedProfiles":[],"lookaheadKeyframes":[],"uid":"QceqS1N6oQ"},{"controls":[{"uid":"QyOhPu5maI","x":-58,"y":-47,"lock":false,"visible":true,"heading":270,"__type":"end-point"},{"uid":"kklJt58aVv","x":-49,"y":-47,"lock":false,"visible":true,"heading":45,"__type":"end-point"}],"speedProfiles":[],"lookaheadKeyframes":[],"uid":"cfe0BhfkNv"},{"controls":[{"uid":"kklJt58aVv","x":-49,"y":-47,"lock":false,"visible":true,"heading":45,"__type":"end-point"},{"uid":"qmeeO73bmI","x":-15,"y":-14,"lock":false,"visible":true,"heading":45,"__type":"end-point"}],"speedProfiles":[],"lookaheadKeyframes":[],"uid":"DeKBfAtxlp"},{"controls":[{"uid":"qmeeO73bmI","x":-15,"y":-14,"lock":false,"visible":true,"heading":45,"__type":"end-point"},{"uid":"BVRgPbhkjd","x":-38,"y":-37,"lock":false,"visible":true,"heading":90,"__type":"end-point"}],"speedProfiles":[],"lookaheadKeyframes":[],"uid":"1uUoVa4m37"},{"controls":[{"uid":"BVRgPbhkjd","x":-38,"y":-37,"lock":false,"visible":true,"heading":90,"__type":"end-point"},{"uid":"JziizmJxuy","x":-4,"y":-37,"lock":false,"visible":true,"heading":90,"__type":"end-point"}],"speedProfiles":[],"lookaheadKeyframes":[],"uid":"5nL1CqSGXD"},{"controls":[{"uid":"JziizmJxuy","x":-4,"y":-37,"lock":false,"visible":true,"heading":90,"__type":"end-point"},{"uid":"HdsNGrUsfu","x":-63,"y":-37,"lock":false,"visible":true,"heading":0,"__type":"end-point"}],"speedProfiles":[],"lookaheadKeyframes":[],"uid":"ZIk5eztnN9"},{"controls":[{"uid":"HdsNGrUsfu","x":-63,"y":-37,"lock":false,"visible":true,"heading":0,"__type":"end-point"},{"uid":"63FI84D1zt","x":-63,"y":0,"lock":false,"visible":true,"heading":0,"__type":"end-point"}],"speedProfiles":[],"lookaheadKeyframes":[],"uid":"NouQCorLrK"}],"pc":{"speedLimit":{"minLimit":{"value":0,"label":"0"},"maxLimit":{"value":600,"label":"600"},"step":1,"from":40,"to":120},"bentRateApplicableRange":{"minLimit":{"value":0,"label":"0"},"maxLimit":{"value":1,"label":"1"},"step":0.001,"from":0,"to":0.1}},"name":"red bot","uid":"EUQgwE9OlN","lock":false,"visible":false},{"segments":[{"controls":[{"uid":"iaybDmQwN6","x":63,"y":-17,"lock":false,"visible":true,"heading":270,"__type":"end-point"},{"uid":"bOVPQUfBsO","x":0,"y":-17,"lock":false,"visible":true,"heading":180,"__type":"end-point"}],"speedProfiles":[],"lookaheadKeyframes":[],"uid":"ofk2wX41du"},{"controls":[{"uid":"bOVPQUfBsO","x":0,"y":-17,"lock":false,"visible":true,"heading":180,"__type":"end-point"},{"uid":"dPzXw5AJUs","x":0,"y":-30,"lock":false,"visible":true,"heading":180,"__type":"end-point"}],"speedProfiles":[],"lookaheadKeyframes":[],"uid":"OfDE2mrlk9"},{"controls":[{"uid":"dPzXw5AJUs","x":0,"y":-30,"lock":false,"visible":true,"heading":180,"__type":"end-point"},{"uid":"yj6GaQQuS9","x":0,"y":-22,"lock":false,"visible":true,"heading":180,"__type":"end-point"}],"speedProfiles":[],"lookaheadKeyframes":[],"uid":"PBkhEEcffn"},{"controls":[{"uid":"yj6GaQQuS9","x":0,"y":-22,"lock":false,"visible":true,"heading":180,"__type":"end-point"},{"uid":"LIaRzanrWj","x":45,"y":-47,"lock":false,"visible":true,"heading":120,"__type":"end-point"}],"speedProfiles":[],"lookaheadKeyframes":[],"uid":"97r5ExX5uC"},{"controls":[{"uid":"LIaRzanrWj","x":45,"y":-47,"lock":false,"visible":true,"heading":120,"__type":"end-point"},{"uid":"tRvchWlcNV","x":60,"y":-47,"lock":false,"visible":true,"heading":90,"__type":"end-point"}],"speedProfiles":[],"lookaheadKeyframes":[],"uid":"ywcdFCAAN3"},{"controls":[{"uid":"tRvchWlcNV","x":60,"y":-47,"lock":false,"visible":true,"heading":90,"__type":"end-point"},{"uid":"ki2PCMpvOw","x":38.416463946329955,"y":-46.871145804147275,"lock":false,"visible":true,"heading":180,"__type":"end-point"}],"speedProfiles":[],"lookaheadKeyframes":[],"uid":"Qs5QE4yFCI"},{"controls":[{"uid":"ki2PCMpvOw","x":38.416463946329955,"y":-46.871145804147275,"lock":false,"visible":true,"heading":180,"__type":"end-point"},{"uid":"86UFJYWn0v","x":30,"y":-47,"lock":false,"visible":true,"heading":90,"__type":"end-point"}],"speedProfiles":[],"lookaheadKeyframes":[],"uid":"GuyI73xkpT"},{"controls":[{"uid":"86UFJYWn0v","x":30,"y":-47,"lock":false,"visible":true,"heading":90,"__type":"end-point"},{"uid":"CiaSFfqmqb","x":38,"y":-47,"lock":false,"visible":true,"heading":135,"__type":"end-point"}],"speedProfiles":[],"lookaheadKeyframes":[],"uid":"ZbVipH5HHf"},{"controls":[{"uid":"CiaSFfqmqb","x":38,"y":-47,"lock":false,"visible":true,"heading":135,"__type":"end-point"},{"uid":"9VwilyRMhG","x":45,"y":-57,"lock":false,"visible":true,"heading":135,"__type":"end-point"}],"speedProfiles":[],"lookaheadKeyframes":[],"uid":"PUumz2ZBdU"},{"controls":[{"uid":"9VwilyRMhG","x":45,"y":-57,"lock":false,"visible":true,"heading":135,"__type":"end-point"},{"uid":"96vdoD8gY8","x":12,"y":-57,"lock":false,"visible":true,"heading":270,"__type":"end-point"}],"speedProfiles":[],"lookaheadKeyframes":[],"uid":"LkCb5S6OaN"}],"pc":{"speedLimit":{"minLimit":{"value":0,"label":"0"},"maxLimit":{"value":600,"label":"600"},"step":1,"from":40,"to":120},"bentRateApplicableRange":{"minLimit":{"value":0,"label":"0"},"maxLimit":{"value":1,"label":"1"},"step":0.001,"from":0,"to":0.1}},"name":"blue bot","uid":"V973faKoIj","lock":false,"visible":false},{"segments":[{"controls":[{"uid":"DHu6qa0fvx","x":63,"y":17,"lock":false,"visible":true,"heading":270,"__type":"end-point"},{"uid":"xhI2cHILIo","x":45,"y":17,"lock":false,"visible":true,"heading":270,"__type":"end-point"}],"speedProfiles":[],"lookaheadKeyframes":[],"uid":"KheiCkHh9u"},{"controls":[{"uid":"xhI2cHILIo","x":45,"y":17,"lock":false,"visible":true,"heading":270,"__type":"end-point"},{"uid":"YqjRRKzRew","x":45,"y":47,"lock":false,"visible":true,"heading":90,"__type":"end-point"}],"speedProfiles":[],"lookaheadKeyframes":[],"uid":"46qyY5PNq5"},{"controls":[{"uid":"YqjRRKzRew","x":45,"y":47,"lock":false,"visible":true,"heading":90,"__type":"end-point"},{"uid":"jczz8iAKnS","x":58,"y":47,"lock":false,"visible":true,"heading":90,"__type":"end-point"}],"speedProfiles":[],"lookaheadKeyframes":[],"uid":"v927NZsJXL"},{"controls":[{"uid":"jczz8iAKnS","x":58,"y":47,"lock":false,"visible":true,"heading":90,"__type":"end-point"},{"uid":"Iq0d0G9ujX","x":49,"y":47,"lock":false,"visible":true,"heading":225,"__type":"end-point"}],"speedProfiles":[],"lookaheadKeyframes":[],"uid":"yXpxNhUeHK"},{"controls":[{"uid":"Iq0d0G9ujX","x":49,"y":47,"lock":false,"visible":true,"heading":225,"__type":"end-point"},{"uid":"2oolftVASj","x":15,"y":14,"lock":false,"visible":true,"heading":225,"__type":"end-point"}],"speedProfiles":[],"lookaheadKeyframes":[],"uid":"razZuWnyss"},{"controls":[{"uid":"2oolftVASj","x":15,"y":14,"lock":false,"visible":true,"heading":225,"__type":"end-point"},{"uid":"WOylcM2Od6","x":38,"y":37,"lock":false,"visible":true,"heading":270,"__type":"end-point"}],"speedProfiles":[],"lookaheadKeyframes":[],"uid":"snNPPZZ5be"},{"controls":[{"uid":"WOylcM2Od6","x":38,"y":37,"lock":false,"visible":true,"heading":270,"__type":"end-point"},{"uid":"2l7inkky5h","x":4,"y":37,"lock":false,"visible":true,"heading":270,"__type":"end-point"}],"speedProfiles":[],"lookaheadKeyframes":[],"uid":"uMShwBOdlm"},{"controls":[{"uid":"2l7inkky5h","x":4,"y":37,"lock":false,"visible":true,"heading":270,"__type":"end-point"},{"uid":"QfhbnYvWip","x":63,"y":37,"lock":false,"visible":true,"heading":180,"__type":"end-point"}],"speedProfiles":[],"lookaheadKeyframes":[],"uid":"jQvJQOjfrF"},{"controls":[{"uid":"QfhbnYvWip","x":63,"y":37,"lock":false,"visible":true,"heading":180,"__type":"end-point"},{"uid":"KyaH6LItoG","x":63,"y":0,"lock":false,"visible":true,"heading":180,"__type":"end-point"}],"speedProfiles":[],"lookaheadKeyframes":[],"uid":"BNOPSBKGx8"}],"pc":{"speedLimit":{"minLimit":{"value":0,"label":"0"},"maxLimit":{"value":600,"label":"600"},"step":1,"from":40,"to":120},"bentRateApplicableRange":{"minLimit":{"value":0,"label":"0"},"maxLimit":{"value":1,"label":"1"},"step":0.001,"from":0,"to":0.1}},"name":"blue top","uid":"pLCGEf2bnB","lock":false,"visible":false},{"segments":[{"controls":[{"uid":"fGPilM1XiW","x":-63,"y":16,"lock":false,"visible":true,"heading":90,"__type":"end-point"},{"uid":"edLnN6OdlB","x":-47,"y":16,"lock":false,"visible":true,"heading":0,"__type":"end-point"}],"speedProfiles":[],"lookaheadKeyframes":[],"uid":"neBd9JmNh9"},{"controls":[{"uid":"edLnN6OdlB","x":-47,"y":16,"lock":false,"visible":true,"heading":0,"__type":"end-point"},{"uid":"cNitcRsPb4","x":-47.07244775314293,"y":62.37139587681237,"lock":false,"visible":true,"heading":0,"__type":"end-point"}],"speedProfiles":[],"lookaheadKeyframes":[],"uid":"UcJstCVhDJ"},{"controls":[{"uid":"cNitcRsPb4","x":-47.07244775314293,"y":62.37139587681237,"lock":false,"visible":true,"heading":0,"__type":"end-point"},{"uid":"xadG8HBc92","x":-47,"y":47,"lock":false,"visible":true,"heading":0,"__type":"end-point"}],"speedProfiles":[],"lookaheadKeyframes":[],"uid":"vQIiLKWFPM"},{"controls":[{"uid":"xadG8HBc92","x":-47,"y":47,"lock":false,"visible":true,"heading":0,"__type":"end-point"},{"uid":"I7ByauAJJN","x":-61,"y":47,"lock":false,"visible":true,"heading":270,"__type":"end-point"}],"speedProfiles":[],"lookaheadKeyframes":[],"uid":"opMEKoQRTb"},{"controls":[{"uid":"I7ByauAJJN","x":-61,"y":47,"lock":false,"visible":true,"heading":270,"__type":"end-point"},{"uid":"DvvxkAWtpR","x":-27,"y":47,"lock":false,"visible":true,"heading":270,"__type":"end-point"}],"speedProfiles":[],"lookaheadKeyframes":[],"uid":"iDBPvT9jVt"},{"controls":[{"uid":"DvvxkAWtpR","x":-27,"y":47,"lock":false,"visible":true,"heading":270,"__type":"end-point"},{"uid":"0jISSXiQ8P","x":-40,"y":47,"lock":false,"visible":true,"heading":45,"__type":"end-point"}],"speedProfiles":[],"lookaheadKeyframes":[],"uid":"vnqxSYJrLe"},{"controls":[{"uid":"0jISSXiQ8P","x":-40,"y":47,"lock":false,"visible":true,"heading":45,"__type":"end-point"},{"uid":"cxtwxnE3Os","x":-30,"y":61,"lock":false,"visible":true,"heading":90,"__type":"end-point"}],"speedProfiles":[],"lookaheadKeyframes":[],"uid":"ya3wZwp4eQ"},{"controls":[{"uid":"cxtwxnE3Os","x":-30,"y":61,"lock":false,"visible":true,"heading":90,"__type":"end-point"},{"uid":"K1wBQLWIJn","x":30,"y":61,"lock":false,"visible":true,"heading":135,"__type":"end-point"}],"speedProfiles":[],"lookaheadKeyframes":[],"uid":"ICbNRWoLKh"},{"controls":[{"uid":"K1wBQLWIJn","x":30,"y":61,"lock":false,"visible":true,"heading":135,"__type":"end-point"},{"uid":"oYOn7MhyGh","x":44,"y":47,"lock":false,"visible":true,"heading":90,"__type":"end-point"}],"speedProfiles":[],"lookaheadKeyframes":[],"uid":"lvJ6O61QUd"},{"controls":[{"uid":"oYOn7MhyGh","x":44,"y":47,"lock":false,"visible":true,"heading":90,"__type":"end-point"},{"uid":"D9O1HR5MkE","x":60,"y":47,"lock":false,"visible":true,"heading":90,"__type":"end-point"}],"speedProfiles":[],"lookaheadKeyframes":[],"uid":"JGB0PZ3wWe"},{"controls":[{"uid":"D9O1HR5MkE","x":60,"y":47,"lock":false,"visible":true,"heading":90,"__type":"end-point"},{"uid":"VEVhGXtFvH","x":28,"y":47,"lock":false,"visible":true,"heading":90,"__type":"end-point"}],"speedProfiles":[],"lookaheadKeyframes":[],"uid":"OT6nKXJLGi"},{"controls":[{"uid":"VEVhGXtFvH","x":28,"y":47,"lock":false,"visible":true,"heading":90,"__type":"end-point"},{"uid":"FMLdFTRp88","x":47,"y":47,"lock":false,"visible":true,"heading":180,"__type":"end-point"}],"speedProfiles":[],"lookaheadKeyframes":[],"uid":"42Qhpz6UaW"},{"controls":[{"uid":"FMLdFTRp88","x":47,"y":47,"lock":false,"visible":true,"heading":180,"__type":"end-point"},{"uid":"wX16Z94HSI","x":47,"y":22,"lock":false,"visible":true,"heading":180,"__type":"end-point"}],"speedProfiles":[],"lookaheadKeyframes":[],"uid":"Q3MXoevYhb"},{"controls":[{"uid":"wX16Z94HSI","x":47,"y":22,"lock":false,"visible":true,"heading":180,"__type":"end-point"},{"uid":"Rajc4hvReD","x":0,"y":22,"lock":false,"visible":true,"heading":0,"__type":"end-point"}],"speedProfiles":[],"lookaheadKeyframes":[],"uid":"pELYlmfoes"},{"controls":[{"uid":"Rajc4hvReD","x":0,"y":22,"lock":false,"visible":true,"heading":0,"__type":"end-point"},{"uid":"HDx4zRWo6T","x":0,"y":32,"lock":false,"visible":true,"heading":0,"__type":"end-point"}],"speedProfiles":[],"lookaheadKeyframes":[],"uid":"K0DqoPju5z"},{"controls":[{"uid":"HDx4zRWo6T","x":0,"y":32,"lock":false,"visible":true,"heading":0,"__type":"end-point"},{"uid":"4tMqUhTTWy","x":0,"y":38,"lock":false,"visible":true,"heading":135,"__type":"end-point"}],"speedProfiles":[],"lookaheadKeyframes":[],"uid":"tJDFmAXeOx"},{"controls":[{"uid":"4tMqUhTTWy","x":0,"y":38,"lock":false,"visible":true,"heading":135,"__type":"end-point"},{"uid":"HsvHRNq3hr","x":25,"y":23,"lock":false,"visible":true,"heading":225,"__type":"end-point"}],"speedProfiles":[],"lookaheadKeyframes":[],"uid":"U1slfzBaKF"},{"controls":[{"uid":"HsvHRNq3hr","x":25,"y":23,"lock":false,"visible":true,"heading":225,"__type":"end-point"},{"uid":"PGK500gybP","x":10,"y":10,"lock":false,"visible":true,"heading":225,"__type":"end-point"}],"speedProfiles":[],"lookaheadKeyframes":[],"uid":"UOHoVhrped"},{"controls":[{"uid":"PGK500gybP","x":10,"y":10,"lock":false,"visible":true,"heading":225,"__type":"end-point"},{"uid":"gqXbQ09gT6","x":31,"y":27,"lock":false,"visible":true,"heading":225,"__type":"end-point"}],"speedProfiles":[],"lookaheadKeyframes":[],"uid":"kUjZQof7Cn"},{"controls":[{"uid":"gqXbQ09gT6","x":31,"y":27,"lock":false,"visible":true,"heading":225,"__type":"end-point"},{"uid":"XMKdTINjVs","x":-63,"y":27,"lock":false,"visible":true,"heading":90,"__type":"end-point"}],"speedProfiles":[],"lookaheadKeyframes":[],"uid":"NSt9dhYIM1"},{"controls":[{"uid":"XMKdTINjVs","x":-63,"y":27,"lock":false,"visible":true,"heading":90,"__type":"end-point"},{"uid":"oXTg0dkRWx","x":-63,"y":8,"lock":false,"visible":true,"heading":0,"__type":"end-point"}],"speedProfiles":[],"lookaheadKeyframes":[],"uid":"xgyNv42ZGt"}],"pc":{"speedLimit":{"minLimit":{"value":0,"label":"0"},"maxLimit":{"value":600,"label":"600"},"step":1,"from":40,"to":120},"bentRateApplicableRange":{"minLimit":{"value":0,"label":"0"},"maxLimit":{"value":1,"label":"1"},"step":0.001,"from":0,"to":0.1}},"name":"skills top","uid":"MzTWw235if","lock":false,"visible":false},{"segments":[{"controls":[{"uid":"fT5JGuc0rp","x":-62,"y":-16,"lock":false,"visible":true,"heading":90,"__type":"end-point"},{"uid":"h8PBpvCoXv","x":0,"y":-16,"lock":false,"visible":true,"heading":180,"__type":"end-point"}],"speedProfiles":[],"lookaheadKeyframes":[],"uid":"V8h5dV6ZyT"},{"controls":[{"uid":"h8PBpvCoXv","x":0,"y":-16,"lock":false,"visible":true,"heading":180,"__type":"end-point"},{"uid":"1GiDjASs7e","x":0.032208311839297676,"y":-34.65614353909119,"lock":false,"visible":true,"heading":180,"__type":"end-point"}],"speedProfiles":[],"lookaheadKeyframes":[],"uid":"XJnORS5WhL"},{"controls":[{"uid":"1GiDjASs7e","x":0.032208311839297676,"y":-34.65614353909119,"lock":false,"visible":true,"heading":180,"__type":"end-point"},{"uid":"vrqsMpNHkp","x":17,"y":-17,"lock":false,"visible":true,"heading":225,"__type":"end-point"}],"speedProfiles":[],"lookaheadKeyframes":[],"uid":"ltVEpUVD7J"},{"controls":[{"uid":"vrqsMpNHkp","x":17,"y":-17,"lock":false,"visible":true,"heading":225,"__type":"end-point"},{"uid":"i4oPDmbJcn","x":10,"y":-10,"lock":false,"visible":true,"heading":135,"__type":"end-point"}],"speedProfiles":[],"lookaheadKeyframes":[],"uid":"4nLzwiLZyq"},{"controls":[{"uid":"i4oPDmbJcn","x":10,"y":-10,"lock":false,"visible":true,"heading":135,"__type":"end-point"},{"uid":"t0Xc6RNt3o","x":47,"y":-47,"lock":false,"visible":true,"heading":0,"__type":"end-point"}],"speedProfiles":[],"lookaheadKeyframes":[],"uid":"0KoLX2EpZj"},{"controls":[{"uid":"t0Xc6RNt3o","x":47,"y":-47,"lock":false,"visible":true,"heading":0,"__type":"end-point"},{"uid":"Nwj7eQCT0g","x":47,"y":-62,"lock":false,"visible":true,"heading":180,"__type":"end-point"}],"speedProfiles":[],"lookaheadKeyframes":[],"uid":"6ap71Rlkck"},{"controls":[{"uid":"Nwj7eQCT0g","x":47,"y":-62,"lock":false,"visible":true,"heading":180,"__type":"end-point"},{"uid":"lOTR5ydlfr","x":47,"y":-47,"lock":false,"visible":true,"heading":90,"__type":"end-point"}],"speedProfiles":[],"lookaheadKeyframes":[],"uid":"1uVldKOn9o"},{"controls":[{"uid":"lOTR5ydlfr","x":47,"y":-47,"lock":false,"visible":true,"heading":90,"__type":"end-point"},{"uid":"N1YY1gYX1r","x":60,"y":-47,"lock":false,"visible":true,"heading":90,"__type":"end-point"}],"speedProfiles":[],"lookaheadKeyframes":[],"uid":"hOlY1KhAvw"},{"controls":[{"uid":"N1YY1gYX1r","x":60,"y":-47,"lock":false,"visible":true,"heading":90,"__type":"end-point"},{"uid":"TwDXiA0rAj","x":39.286088365991155,"y":-47.33816632581718,"lock":false,"visible":true,"heading":0,"__type":"end-point"}],"speedProfiles":[],"lookaheadKeyframes":[],"uid":"4HEXNdktqM"},{"controls":[{"uid":"TwDXiA0rAj","x":39.286088365991155,"y":-47.33816632581718,"lock":false,"visible":true,"heading":0,"__type":"end-point"},{"uid":"KvN7Voin1n","x":28,"y":-47,"lock":false,"visible":true,"heading":90,"__type":"end-point"}],"speedProfiles":[],"lookaheadKeyframes":[],"uid":"rPAQyVEd2n"},{"controls":[{"uid":"KvN7Voin1n","x":28,"y":-47,"lock":false,"visible":true,"heading":90,"__type":"end-point"},{"uid":"a6VPPHhmFW","x":28,"y":-60,"lock":false,"visible":true,"heading":0,"__type":"end-point"}],"speedProfiles":[],"lookaheadKeyframes":[],"uid":"DKmqnct1hU"},{"controls":[{"uid":"a6VPPHhmFW","x":28,"y":-60,"lock":false,"visible":true,"heading":0,"__type":"end-point"},{"uid":"Qu0mxw3tNv","x":-31,"y":-60,"lock":false,"visible":true,"heading":270,"__type":"end-point"}],"speedProfiles":[],"lookaheadKeyframes":[],"uid":"aJVTonaZo1"},{"controls":[{"uid":"Qu0mxw3tNv","x":-31,"y":-60,"lock":false,"visible":true,"heading":270,"__type":"end-point"},{"uid":"DtsOKlXJDE","x":-45,"y":-47,"lock":false,"visible":true,"heading":270,"__type":"end-point"}],"speedProfiles":[],"lookaheadKeyframes":[],"uid":"GjHOZu9s1C"},{"controls":[{"uid":"DtsOKlXJDE","x":-45,"y":-47,"lock":false,"visible":true,"heading":270,"__type":"end-point"},{"uid":"jsiGxRWA3f","x":-62,"y":-47,"lock":false,"visible":true,"heading":270,"__type":"end-point"}],"speedProfiles":[],"lookaheadKeyframes":[],"uid":"1k0xPEMDDT"},{"controls":[{"uid":"jsiGxRWA3f","x":-62,"y":-47,"lock":false,"visible":true,"heading":270,"__type":"end-point"},{"uid":"LXSolPZcfj","x":-26,"y":-47,"lock":false,"visible":true,"heading":270,"__type":"end-point"}],"speedProfiles":[],"lookaheadKeyframes":[],"uid":"zxj8f5znKY"},{"controls":[{"uid":"LXSolPZcfj","x":-26,"y":-47,"lock":false,"visible":true,"heading":270,"__type":"end-point"},{"uid":"Kgl7UBX8nW","x":-44,"y":-32,"lock":false,"visible":true,"heading":270,"__type":"end-point"}],"speedProfiles":[],"lookaheadKeyframes":[],"uid":"0i7RxMffzB"},{"controls":[{"uid":"Kgl7UBX8nW","x":-44,"y":-32,"lock":false,"visible":true,"heading":270,"__type":"end-point"},{"uid":"q7ttqWmSfF","x":-63,"y":-32,"lock":false,"visible":true,"heading":0,"__type":"end-point"}],"speedProfiles":[],"lookaheadKeyframes":[],"uid":"rBIHCaICfK"},{"controls":[{"uid":"q7ttqWmSfF","x":-63,"y":-32,"lock":false,"visible":true,"heading":0,"__type":"end-point"},{"uid":"N3vbZq2gyH","x":-63,"y":-6,"lock":false,"visible":true,"heading":0,"__type":"end-point"}],"speedProfiles":[],"lookaheadKeyframes":[],"uid":"Q08Lh987iS"}],"pc":{"speedLimit":{"minLimit":{"value":0,"label":"0"},"maxLimit":{"value":600,"label":"600"},"step":1,"from":40,"to":120},"bentRateApplicableRange":{"minLimit":{"value":0,"label":"0"},"maxLimit":{"value":1,"label":"1"},"step":0.001,"from":0,"to":0.1}},"name":"skills bots","uid":"BAxBUY3m4d","lock":false,"visible":true}]}